10,207
10,282
10,170
10,199
10,128
10,299
10,83
10,2
10,3
9,7
9,4
9,6
9,2
8,11
8,16
8,17
8,12
8,6
137,3
137,2
137,1
137,0
135,3
135,2
135,1
135,0
134,3
134,2
134,1
134,0
133,3
133,2
133,1
133,0
131,3
131,2
131,1
131,0
129,3
129,2
129,1
129,0
126,3
126,2
126,1
126,0
125,5
125,4
125,3
125,2
125,1
125,0
124,4
124,3
124,2
124,1
124,0
20,3
20,2
20,1
19,3
19,2
19,1
12,3
12,2
12,1
11,28
11,27
11,26
11,25
11,24
11,23
11,22
11,21
11,20
11,19
11,18
11,17
11,16
11,15
11,14
11,13
11,12
11,11
11,10
11,9
11,8
11,7
11,6
11,5
11,4
11,3
11,2
11,1
10,301
10,300
10,298
10,297
10,296
10,294
10,290
10,289
10,288
10,287
10,286
10,285
10,284
10,283
10,281
10,278
10,271
10,256
10,252
10,249
10,244
10,239
10,233
10,231
10,227
10,217
10,175
